<?xml version="1.0" encoding="UTF-8" standalone="no"?>
<!DOCTYPE svg PUBLIC "-//W3C//DTD SVG 20010904//EN"
              "http://www.w3.org/TR/2001/REC-SVG-20010904/DTD/svg10.dtd">

<svg xmlns="http://www.w3.org/2000/svg"
     width="13.6133in" height="9.61333in"
     viewBox="0 0 4084 2884">
  <path id="ground1"
        fill="none" stroke="black" stroke-width="1"
        d="M 4332.00,2937.00
           C 4332.00,2937.00 -66.00,2955.00 -66.00,2961.00
             -66.00,2967.00 -105.00,2541.00 -105.00,2541.00
             -105.00,2541.00 -168.00,1926.00 -168.00,1926.00
             -168.00,1926.00 11.67,1921.00 11.67,1921.00
             53.00,1921.00 143.33,1891.00 189.67,1868.33
             205.07,1860.80 307.49,1868.54 435.00,1867.00
             481.62,1866.44 533.65,1885.20 584.50,1884.50
             670.82,1883.32 728.50,1886.00 812.50,1912.50
             836.51,1912.14 863.82,1910.59 886.50,1908.50
             982.99,1899.60 1031.50,1873.50 1054.00,1858.00
             1076.50,1842.50 1136.00,1859.50 1155.50,1877.00
             1175.00,1894.50 1399.50,1889.50 1428.00,1898.50
             1434.39,1900.52 1466.47,1887.11 1500.50,1884.00
             1618.36,1873.23 1744.50,1869.00 1804.00,1855.00
             1821.94,1850.78 1851.14,1852.78 1887.00,1841.50
             1920.85,1830.85 1959.59,1811.53 1997.50,1801.50
             2052.59,1786.93 2105.73,1785.47 2138.00,1804.50
             2216.00,1850.50 2429.00,1797.50 2472.00,1778.00
             2481.39,1773.74 2568.71,1724.98 2631.50,1729.50
             2674.07,1732.56 2715.66,1745.94 2767.50,1756.50
             2788.71,1760.82 2817.28,1762.04 2839.50,1766.00
             2864.73,1770.50 2885.11,1780.73 2910.50,1785.50
             2971.60,1796.97 3034.85,1798.46 3089.00,1808.50
             3145.67,1819.01 3162.45,1824.11 3196.50,1833.00
             3228.94,1841.47 3263.00,1833.50 3280.00,1854.00
             3280.00,1854.00 4332.00,2937.00 4332.00,2937.00 Z" />
</svg>
