<?xml version="1.0" encoding="UTF-8" standalone="no"?>
<!DOCTYPE svg PUBLIC "-//W3C//DTD SVG 20010904//EN"
              "http://www.w3.org/TR/2001/REC-SVG-20010904/DTD/svg10.dtd">

<svg xmlns="http://www.w3.org/2000/svg"
     width="13.6133in" height="9.61333in"
     viewBox="0 0 4084 2884">
  <path id="tree2Trunk"
        fill="none" stroke="black" stroke-width="1"
        d="M 2831.00,571.00
           C 2772.25,514.30 2679.73,466.74 2576.00,420.00
             2640.78,501.96 2720.00,497.50 2807.00,601.00
             2894.00,704.50 2916.26,729.95 3044.00,774.00
             3334.00,874.00 3320.00,936.00 3370.00,1004.00
             3420.00,1072.00 3588.00,1156.00 3596.00,1372.00
             3598.13,1429.50 3563.13,1546.85 3570.00,1674.00
             3576.22,1789.10 3624.50,1910.53 3624.00,2034.00
             3622.99,2286.50 3622.00,2460.00 3566.00,2524.00
             3556.44,2534.93 3518.21,2529.53 3498.00,2544.00
             3481.06,2556.13 3476.06,2573.90 3456.00,2588.00
             3443.18,2597.02 3403.69,2586.88 3390.00,2596.00
             3370.26,2609.15 3363.54,2640.17 3346.00,2654.00
             3280.00,2704.00 3256.76,2654.27 3230.00,2662.00
             3179.55,2676.56 3186.00,2702.00 3186.00,2702.00
             3186.00,2702.00 3216.56,2681.14 3248.00,2682.00
             3271.74,2682.65 3292.70,2706.44 3320.00,2700.00
             3368.86,2688.47 3382.12,2645.06 3434.00,2628.00
             3528.41,2596.96 3534.00,2658.00 3652.00,2592.00
             3626.96,2610.13 3642.51,2637.16 3622.00,2660.00
             3610.06,2673.29 3553.93,2684.62 3542.00,2698.00
             3479.45,2768.17 3466.00,2836.00 3466.00,2836.00
             3466.00,2836.00 3498.52,2782.68 3548.00,2744.00
             3574.08,2723.61 3616.95,2724.30 3636.00,2702.00
             3691.47,2637.08 3687.46,2576.79 3732.00,2514.00
             3760.82,2473.37 3743.27,2379.55 3756.00,2382.00
             3769.38,2384.57 3786.03,2427.60 3792.00,2476.00
             3794.88,2499.34 3779.33,2525.62 3790.00,2546.00
             3843.18,2647.62 3864.00,2586.00 3948.00,2732.00
             3948.00,2732.00 3920.00,2616.00 3848.00,2544.00
             3872.32,2538.60 3906.00,2544.00 3978.00,2592.00
             4050.00,2640.00 4165.80,2680.00 4168.00,2680.00
             4170.20,2680.00 4053.31,2597.56 3976.00,2454.00
             3912.51,2336.10 3940.00,2234.00 3886.00,2152.00
             3855.34,2105.45 3846.16,1884.29 3852.00,1640.00
             3856.45,1453.99 3881.18,1241.27 3844.00,1160.00
             3799.12,1061.88 3885.20,823.44 4000.00,726.00
             4105.17,636.74 4238.09,684.00 4240.00,684.00
             4244.00,684.00 4252.00,400.00 4252.00,396.00
             4252.00,394.56 4244.15,500.88 4184.00,572.00
             4153.20,608.42 4088.86,587.04 4046.00,638.00
             3939.35,764.82 3786.42,936.97 3748.00,1076.00
             3722.86,1052.48 3737.52,922.30 3743.86,749.88
             3745.77,697.84 3720.93,665.96 3720.00,608.00
             3716.00,358.00 3852.00,328.00 3820.00,236.00
             3811.30,254.46 3807.93,277.25 3800.00,294.00
             3694.00,490.00 3648.41,598.03 3682.00,738.00
             3682.00,738.31 3628.45,648.47 3618.00,520.00
             3602.95,335.02 3627.63,89.46 3612.00,82.00
             3604.51,78.43 3594.19,360.69 3570.00,476.00
             3561.51,516.48 3443.42,420.10 3472.00,444.00
             3582.00,536.00 3586.00,588.00 3584.00,684.00
             3568.33,659.42 3532.79,622.35 3515.00,587.50
             3499.98,558.07 3503.74,530.99 3480.50,506.50
             3366.51,386.40 3234.50,283.00 3182.00,263.50
             3129.50,244.00 3314.60,340.01 3432.50,497.50
             3461.94,536.82 3482.00,554.50 3494.00,620.50
             3506.00,686.50 3549.80,755.99 3566.00,812.00
             3602.17,937.04 3583.07,1039.14 3560.00,1012.00
             3492.00,932.00 3312.00,774.00 3104.00,718.00
             2896.00,662.00 3020.00,658.00 2946.50,571.00
             2921.57,541.49 2879.00,490.00 2867.00,434.50
             2855.00,379.00 2760.00,272.00 2760.00,272.00
             2760.00,272.00 2804.91,370.76 2831.00,439.00
             2847.98,483.42 2836.29,488.86 2870.00,535.00
             2955.50,652.00 2945.32,675.96 2932.00,674.00
             2898.00,669.00 2875.33,613.78 2831.00,571.00 Z" />
</svg>
