<?xml version="1.0" encoding="UTF-8" standalone="no"?>
<!DOCTYPE svg PUBLIC "-//W3C//DTD SVG 20010904//EN"
              "http://www.w3.org/TR/2001/REC-SVG-20010904/DTD/svg10.dtd">

<svg xmlns="http://www.w3.org/2000/svg"
     width="13.6133in" height="9.61333in"
     viewBox="0 0 4084 2884">
  <path id="tree3Trunk"
        fill="none" stroke="black" stroke-width="1"
        d="M 161.00,1216.00
           C 77.97,1336.01 10.84,1544.22 56.00,1880.50
             60.36,1912.96 70.91,1957.79 83.00,1995.00
             87.30,2008.24 97.10,2014.86 99.50,2027.50
             54.50,2036.50 61.00,1979.75 22.00,1982.00
             -17.00,1984.25 -43.00,2029.00 -43.00,2029.00
             -43.00,2029.00 -10.00,886.00 -10.00,886.00
             -10.00,886.00 19.98,999.31 39.50,1085.50
             49.32,1128.85 49.98,1170.98 56.00,1177.00
             80.00,1075.00 194.00,925.00 194.00,925.00
             194.00,925.00 203.00,949.00 92.00,1204.00
             213.25,1074.98 291.22,1071.79 338.00,1069.00
             381.50,1066.41 398.00,1060.00 398.00,1060.00
             335.00,1162.00 220.13,1130.54 161.00,1216.00 Z" />
</svg>
